list(FOV = 30, ignoreExtent = FALSE, listeners = 1L, mouseMode = c(left = "trackball", 
right = "zoom", middle = "fov", wheel = "pull"), skipRedraw = FALSE, 
    userMatrix = structure(c(1, 0, 0, 0, 0, 0.342020143325668, 
    -0.939692620785909, 0, 0, 0.939692620785909, 0.342020143325668, 
    0, 0, 0, 0, 1), .Dim = c(4L, 4L)), userProjection = structure(c(1, 
    0, 0, 0, 0, 1, 0, 0, 0, 0, 1, 0, 0, 0, 0, 1), .Dim = c(4L, 
    4L)), scale = c(1, 1, 1), viewport = c(x = 0L, y = 0L, width = 256L, 
    height = 256L), zoom = 1, windowRect = c(0L, 0L, 256L, 256L
    ), family = "sans", font = 1L, cex = 1, useFreeType = FALSE)
