list(FOV = 30, ignoreExtent = FALSE, listeners = 4681L, mouseMode = c(left = "trackball", 
right = "zoom", middle = "fov", wheel = "pull"), skipRedraw = FALSE, 
    userMatrix = structure(c(0.728091478347778, -0.684001088142395, 
    0.0450015366077423, 0, -0.660863101482391, -0.682994544506073, 
    0.311092048883438, 0, -0.182051330804825, -0.256243526935577, 
    -0.949314057826996, 0, 0, 0, 0, 1), .Dim = c(4L, 4L)), scale = c(1, 
    1, 1), viewport = c(x = 0L, y = 0L, width = 843L, height = 611L
    ), zoom = 1.15762484073639, windowRect = c(0L, 45L, 843L, 
    656L), family = "sans", font = 1L, cex = 1, useFreeType = TRUE)
