list(FOV = 30, ignoreExtent = FALSE, listeners = 19313L, mouseMode = c(left = "trackball", 
right = "zoom", middle = "fov", wheel = "pull"), skipRedraw = FALSE, 
    userMatrix = structure(c(0.838279068470001, -0.372381865978241, 
    0.398271143436432, 0, 0.520027339458466, 0.765601277351379, 
    -0.378716707229614, 0, -0.163889706134796, 0.524582147598267, 
    0.835436224937439, 0, 0, 0, 0, 1), .Dim = c(4L, 4L)), scale = c(1, 
    1, 1), viewport = c(x = 0L, y = 0L, width = 829L, height = 595L
    ), zoom = 1, windowRect = c(0L, 45L, 829L, 640L), family = "sans", 
    font = 1L, cex = 1, useFreeType = TRUE)
